226
25
22
24
27
25
20
25
19
19
19
29
25
17
23
20
31
21
24
22
20
27
25
21
22
26
28
29
24
23
22
23
27
31
20
23
24
25
21
22
23
25
27
24
23
19
25
23
20
25
20
20
24
22
17
25
26
30
19
23
24
18
24
24
27
27
23
27
27
22
25
17
37
23
26
19
18
28
24
33
27
19
21
20
28
19
24
18
19
15
27
21
13
26
20
29
28
16
29
25
26
33
29
23
18
23
19
29
26
26
16
19
18
28
24
29
24
25
20
21
25
28
18
21
20
25
26
22
18
21
24
25
21
23
22
23
25
20
16
17
24
24
26
26
24
21
23
25
22
23
27
23
28
27
25
27
21
23
20
19
28
19
21
28
26
29
23
21
22
20
21
22
26
24
23
30
25
29
22
17
28
27
26
26
20
22
25
24
26
24
24
19
13
26
24
17
28
18
27
22
25
22
24
24
22
22
32
20
24
16
14
25
29
23
22
27
27
21
26
17
25
21
19
28
24
24
22
-19781 -8288
9170 6835
4609 18200
-15844 -25292
4273 18713
3217 7690
3985 -13671
-6482 4015
-3936 6323
-3649 -5981
27942 -21446
-23237 1794
7298 2649
1056 24950
10658 -940
-14451 -26232
6433 9912
1729 19908
9218 -8202
-6721 -1966
-19445 -1708
6289 -13757
2209 7946
18964 -8801
-20549 22387
10755 -26573
6242 32041
-9027 -12987
-13203 -4102
21942 -7604
-9507 12988
-14307 5212
22037 -21191
-6578 4614
-7537 -2819
5137 22643
11715 -13672
-7970 12048
4129 -10937
-14884 12731
6002 2649
-9891 -22301
1249 16149
4849 -15465
-7058 -4956
3121 18712
2112 -11278
7154 -10766
-336 30076
-3121 -15807
10611 4870
-20597 -12475
21605 14099
-3505 -9314
-11331 4956
18965 -7519
-19973 14696
-6145 342
816 -26146
24726 6067
-3409 1623
-1392 13757
-15124 5724
22085 -9228
-23333 -3674
3168 -9484
12003 27940
-2064 -23155
-912 18883
5473 -26659
-480 2393
-4657 -171
-14356 -1880
2305 8972
48 -9143
6625 3418
4514 25292
12002 -1026
-28278 -19054
9794 14868
-2257 -7605
10563 -4443
9698 -14440
-22901 14867
-2209 14953
11667 -14526
1248 5212
-1824 10083
-912 3247
2784 -19994
1297 -9314
0 4956
2016 16576
-3409 3760
2785 -23241
-14355 7006
-577 4358
24486 14269
-4753 -23582
-15508 -2222
-7921 25121
15219 -7348
-5713 -22472
3073 6664
3745 21020
-9891 769
14068 -26317
4081 13842
-18677 2221
-720 -1794
10178 -4443
961 -10681
11954 27599
48 1282
-3889 -29137
-20356 1367
21221 12304
-5474 3162
-13635 -5725
21893 16491
-9746 -17858
-5137 -3589
-2689 16918
-3553 7434
-192 -16235
16516 -5041
-9314 14184
-816 -7348
15075 -3077
-14163 -11278
-10563 16149
15748 7177
-12483 -17858
21749 -85
-7585 2478
-12868 6066
13972 -2990
-2689 2905
3937 1367
-9410 5810
6578 5298
-5714 -19140
6146 18029
-11619 -12219
-4081 -6835
8930 16832
-11667 -2563
9122 5298
2257 -16918
3265 8117
5665 -8117
-17428 18883
22421 -20421
-15171 -3504
7393 21191
7250 3503
-13107 -17260
1104 -14184
10227 940
-16036 22814
6145 2392
-11522 -2050
13059 -21020
-1489 28881
11043 -30590
-3265 27770
-2112 -5298
-16036 4700
-1152 -11279
9842 -3589
-11667 8374
16852 3503
-9266 -22728
-2593 13586
21366 -171
-20261 -16918
18436 19908
-5425 -10680
4753 -342
1152 16662
-4513 6750
-19445 -1367
5618 -16320
3072 -10083
-8450 23925
16516 -4102
-7777 5982
-3025 -16919
17716 -9569
-20309 8715
7730 -8801
5329 2051
-16180 14867
18389 -11108
-1873 4187
-16324 18627
1921 -1709
-1873 -28111
14932 8117
1248 9656
-1680 -9741
-14980 -2991
14356 -2734
-10131 -3503
17045 -2051
-19685 26403
2256 -5213
11379 -17772
4465 -598
576 2734
-22517 14269
6529 -9057
-2400 -7775
13443 7262
-9746 23498
4657 -29222
-4609 6750
18148 10082
-768 8203
-12435 4187
2689 -15893
10274 -6152
-12627 4443
13251 5640
-11811 -5725
4081 11278
-6 -6
-7 -9
-13 -14
-19 -16
-26 -15
-36 -17
-43 -18
-51 -20
-57 -19
-65 -21
-70 -20
-72 -20
-78 -16
-78 -13
-75 -12
-74 -11
-67 -9
-58 -9
-50 -7
-40 -7
-30 -3
-21 0
-11 0
-4 0
-1 0
-1 2
3 4
6 5
12 8
16 9
25 10
33 13
39 15
44 18
52 20
50 17
55 22
54 22
50 19
46 20
45 15
36 10
32 9
21 6
13 4
7 2
1 0
2 1
4 4
8 10
11 13
15 19
19 23
22 31
25 34
23 39
26 44
24 46
22 45
23 45
22 40
23 39
24 35
21 30
19 26
18 25
13 20
7 14
5 10
3 7
0 4
0 3
0 -1
-8 -17
-14 -24
-22 -34
-32 -40
-36 -44
-46 -46
-56 -50
-58 -50
-65 -50
-71 -51
-70 -49
-73 -46
-66 -44
-60 -39
-59 -40
-48 -33
-38 -33
-31 -29
-24 -22
-16 -18
-11 -14
-8 -11
-4 -7
-1 -3
0 -1
3 4
5 6
8 11
10 14
15 21
17 23
19 29
23 31
21 31
22 34
22 40
18 39
18 40
17 41
13 39
11 39
11 37
9 31
6 27
7 23
3 19
3 15
1 10
0 7
1 4
0 1
0 6
7 9
9 13
15 16
19 22
22 25
23 27
28 28
27 27
27 28
23 22
21 20
19 17
16 14
11 10
9 7
5 5
3 3
1 2
1 0
2 0
5 -6
6 -13
9 -16
11 -19
13 -23
17 -32
20 -34
19 -38
20 -38
20 -39
21 -36
20 -34
22 -31
20 -29
18 -26
18 -23
14 -21
10 -17
8 -16
5 -14
3 -8
1 -5
0 -3
1 -1
-9 8
-17 15
-22 15
-33 18
-35 15
-39 11
-44 12
-40 12
-39 8
-37 10
-33 9
-28 10
-25 10
-18 8
-16 6
-10 6
-8 4
-2 1
-4 4
-5 4
-8 11
-11 13
-14 16
-21 20
-22 20
-21 20
-22 21
-22 19
-20 19
-18 16
-17 13
-17 12
-16 9
-11 8
-10 5
-6 4
-2 1
-2 0
-5 0
-8 -4
-8 -10
-14 -15
-15 -17
-18 -20
-22 -21
-29 -25
-26 -20
-30 -20
-31 -16
-27 -11
-25 -10
-17 -9
-14 -5
-10 -5
-8 -2
-3 -3
-1 -1
4 -4
17 -5
22 -9
31 -13
37 -18
44 -24
51 -25
63 -30
62 -30
68 -28
77 -30
77 -37
77 -38
83 -40
80 -40
77 -39
79 -38
74 -32
67 -29
63 -22
53 -22
53 -21
44 -16
32 -11
25 -12
14 -7
9 -4
2 -1
-8 3
-19 5
-33 6
-42 6
-55 7
-63 6
-74 0
-80 0
-78 0
-77 0
-81 0
-78 0
-77 0
-80 0
-77 0
-68 0
-67 0
-57 1
-49 3
-40 0
-30 5
-20 2
-14 3
-9 1
-2 0
11 4
19 3
27 2
32 0
35 0
39 0
40 0
39 0
40 0
37 0
35 4
35 3
30 4
25 4
19 2
13 3
7 1
2 2
2 11
2 16
3 24
1 31
0 34
0 52
1 60
0 59
4 61
5 60
6 58
10 57
8 49
11 44
11 40
9 31
7 27
8 23
6 14
4 12
2 9
2 6
2 0
8 -3
11 -3
19 -3
31 -3
36 -5
44 -5
54 -8
53 -5
59 -1
60 0
56 0
58 0
54 -5
43 -4
37 -5
27 -4
18 -2
10 -1
2 -2
1 -2
-10 -13
-16 -17
-20 -24
-28 -31
-44 -40
-46 -39
-50 -39
-55 -40
-53 -39
-51 -38
-49 -40
-45 -38
-40 -34
-37 -36
-34 -35
-26 -32
-24 -30
-16 -30
-13 -27
-7 -22
-3 -17
-1 -16
0 -14
0 -10
0 -8
2 -7
1 -6
1 -5
0 -4
0 -1
3 -1
8 9
9 12
14 17
15 18
19 19
23 22
30 22
32 23
35 25
35 21
35 21
33 19
33 19
29 16
23 15
20 13
18 12
12 8
9 7
5 4
0 1
0 15
0 26
6 34
8 37
9 39
6 41
7 44
9 39
9 40
10 39
10 32
10 36
12 33
13 32
14 30
10 27
7 20
5 18
1 13
0 11
0 8
0 6
0 3
5 -8
10 -12
13 -12
17 -14
22 -16
28 -20
33 -15
37 -13
44 -11
46 -6
45 -6
47 -7
45 -6
45 -9
45 -11
40 -11
33 -15
25 -11
19 -7
13 -3
5 -2
1 -1
-11 0
-18 -5
-24 -7
-33 -8
-35 -10
-37 -9
-39 -8
-40 -7
-39 -5
-33 -5
-34 -5
-28 -5
-25 -6
-20 -7
-19 -7
-16 -7
-14 -6
-12 -5
-8 -4
-2 0
-4 0
-11 0
-17 0
-21 0
-24 0
-30 0
-35 0
-38 0
-44 0
-47 0
-53 0
-57 0
-56 0
-57 0
-57 -1
-54 -2
-50 -6
-49 -4
-43 -5
-44 -5
-43 -5
-38 0
-30 0
-16 0
-12 0
-8 0
-3 0
-1 -1
1 -4
6 -6
10 -10
11 -15
13 -18
12 -23
14 -28
14 -31
14 -30
13 -31
13 -31
12 -29
15 -26
17 -28
17 -25
16 -24
14 -21
12 -22
9 -20
7 -17
3 -12
3 -9
2 -6
0 -2
1 0
1 0
4 6
6 13
7 17
10 21
10 21
17 28
12 23
15 25
14 25
12 21
13 22
11 18
9 17
11 16
8 15
7 13
5 10
5 9
1 5
14 0
25 -14
35 -17
41 -23
47 -21
50 -20
58 -20
61 -23
64 -17
67 -20
72 -20
68 -20
68 -19
66 -17
58 -10
57 -9
50 -8
40 -6
33 0
20 -2
10 0
2 0
2 0
-1 0
-21 11
-30 18
-39 21
-54 28
-60 30
-62 30
-69 30
-71 32
-69 33
-71 40
-65 38
-64 39
-63 40
-57 39
-53 36
-46 33
-41 30
-35 25
-26 21
-23 20
-15 13
-12 10
-9 7
-4 2
0 -4
5 -11
13 -18
16 -25
21 -34
26 -39
30 -45
33 -46
36 -47
39 -45
40 -43
41 -42
41 -40
42 -37
40 -40
38 -35
34 -35
28 -34
23 -29
23 -30
16 -25
13 -18
8 -16
8 -13
4 -9
3 -8
3 -3
0 -2
1 9
5 18
6 22
10 28
14 33
16 40
22 46
21 54
21 56
20 59
19 62
16 59
20 58
20 58
16 52
19 45
24 42
17 39
18 34
19 30
16 26
14 21
12 20
9 17
9 14
7 12
6 7
5 6
2 3
0 -1
-2 -5
-5 -7
-6 -12
-8 -14
-11 -18
-14 -22
-17 -27
-23 -28
-25 -34
-31 -36
-31 -39
-37 -38
-38 -33
-39 -32
-46 -27
-43 -25
-40 -20
-36 -15
-30 -13
-23 -10
-16 -7
-11 -6
-6 -3
-3 0
-10 -1
-17 -1
-22 -4
-28 -4
-32 -5
-36 -5
-39 -7
-42 -10
-46 -9
-45 -10
-49 -9
-48 -7
-48 -7
-47 -5
-38 -3
-32 0
-26 0
-20 0
-12 3
-8 1
-5 1
-1 0
2 0
21 -3
36 -10
41 -11
57 -10
67 -10
71 -10
78 -13
81 -13
86 -15
89 -14
84 -14
81 -12
83 -15
82 -17
75 -11
70 -11
53 -8
40 -6
26 -4
13 -2
5 -3
-2 2
-4 4
-9 7
-12 9
-19 14
-29 20
-32 22
-40 28
-52 31
-55 30
-57 31
-54 30
-52 33
-48 31
-39 29
-33 24
-28 20
-24 15
-15 12
-13 9
-10 5
-7 4
-1 1
-4 1
-6 1
-10 2
-14 2
-16 3
-22 3
-30 4
-33 5
-39 6
-46 7
-46 6
-54 14
-57 13
-57 18
-52 14
-48 13
-43 15
-38 14
-35 13
-30 11
-25 7
-21 7
-19 5
-14 5
-10 2
-5 1
-1 0
9 -6
18 -10
25 -16
30 -22
36 -25
40 -29
46 -30
49 -32
55 -33
56 -30
58 -30
62 -31
60 -30
62 -30
61 -29
60 -30
56 -21
54 -25
54 -20
46 -24
47 -20
45 -18
39 -17
30 -13
26 -12
22 -8
13 -8
11 -6
8 -4
5 -2
2 -2
-2 2
-13 10
-18 12
-29 16
-30 16
-37 14
-38 12
-40 11
-39 10
-36 10
-35 10
-32 9
-27 8
-26 7
-18 5
-14 4
-9 2
-2 2
-2 1
-1 0
-1 0
-5 0
-10 0
-14 0
-19 -2
-30 -4
-30 -5
-34 -6
-38 -11
-38 -11
-39 -14
-41 -16
-38 -17
-40 -15
-36 -10
-31 -8
-27 -5
-20 -3
-16 -1
-11 -1
-8 0
-2 0
-2 0
-1 5
6 13
13 18
18 24
20 30
24 33
26 37
28 40
25 45
31 48
27 45
32 45
27 42
29 38
26 35
21 31
19 27
15 25
9 17
5 14
4 11
0 7
0 4
-1 4
-1 -1
0 -5
7 -9
11 -13
16 -18
21 -17
30 -23
33 -22
39 -23
48 -26
48 -25
52 -26
55 -26
52 -25
53 -25
53 -25
47 -25
45 -22
45 -22
37 -18
31 -13
23 -12
14 -8
6 -5
3 -3
0 5
-11 10
-17 14
-21 19
-32 24
-40 27
-43 29
-46 31
-46 34
-44 33
-39 33
-33 29
-33 28
-27 23
-24 19
-19 14
-16 12
-12 8
-7 6
-5 2
-1 1
0 -1
3 -11
9 -15
11 -22
11 -28
13 -29
13 -30
18 -30
17 -30
20 -27
22 -28
22 -24
21 -19
23 -20
21 -19
21 -18
16 -16
13 -14
9 -13
5 -9
4 -6
1 -2
1 -1
-11 7
-20 11
-28 16
-35 14
-43 17
-46 19
-56 23
-58 21
-60 21
-60 23
-61 22
-59 21
-57 20
-53 20
-47 20
-38 17
-31 17
-25 14
-17 12
-12 9
-9 6
-4 4
2 0
10 1
15 2
18 0
24 0
31 0
34 1
35 5
40 6
40 6
41 10
44 14
39 13
36 15
32 13
25 12
24 10
16 10
14 8
11 8
8 6
6 5
3 4
1 1
1 2
-5 0
-9 -12
-11 -16
-15 -21
-18 -25
-19 -30
-22 -32
-26 -36
-30 -39
-35 -40
-39 -48
-39 -46
-39 -44
-40 -40
-36 -38
-34 -39
-32 -35
-28 -33
-26 -30
-22 -26
-19 -22
-15 -20
-10 -14
-9 -12
-6 -9
-3 -6
-2 -2
-2 -1
1 8
8 18
10 23
10 30
10 31
11 35
11 37
10 37
9 34
10 35
9 34
3 33
7 35
3 34
1 31
0 29
0 26
-1 19
-3 18
-2 12
-1 12
-2 6
0 4
0 -4
7 -16
10 -24
13 -30
13 -31
15 -35
17 -34
18 -33
20 -34
22 -33
20 -31
22 -31
21 -30
22 -30
21 -30
17 -26
17 -23
14 -19
13 -14
9 -13
4 -6
4 -5
2 -2
-3 -1
-9 -4
-16 -6
-22 -11
-35 -15
-37 -17
-38 -16
-42 -17
-38 -15
-40 -15
-37 -10
-30 -9
-26 -6
-20 -8
-16 -7
-13 -5
-10 -4
-7 -3
-3 -1
0 2
7 11
10 18
13 19
15 23
17 26
16 29
19 33
18 35
18 33
20 35
19 34
16 34
14 32
13 30
8 29
7 26
2 24
0 20
0 19
0 16
0 15
-2 16
-2 13
-3 11
1 -1
4 -9
3 -12
8 -16
7 -19
10 -23
12 -28
12 -27
11 -31
13 -32
12 -28
15 -28
15 -27
13 -24
11 -20
12 -19
7 -15
5 -11
4 -9
2 -10
1 -6
2 -4
0 -1
4 -1
9 -7
13 -14
23 -19
31 -22
28 -22
34 -23
35 -25
35 -24
39 -26
34 -24
35 -24
31 -17
27 -17
27 -13
19 -13
15 -9
9 -7
4 -3
0 -1
0 2
-5 20
-4 27
-4 34
-5 43
0 46
-1 52
0 58
0 55
2 55
7 51
6 46
7 45
8 45
10 38
5 35
4 30
4 24
1 17
1 17
0 12
0 9
-3 6
-1 4
-1 4
0 -14
0 -21
-1 -30
-4 -30
-5 -34
-9 -40
-11 -38
-13 -43
-16 -47
-17 -47
-15 -42
-17 -40
-18 -35
-17 -28
-16 -20
-9 -13
-8 -9
-4 -5
-3 -5
-1 -1
5 0
16 5
30 8
38 11
47 14
53 17
62 18
58 18
59 17
60 17
55 15
49 13
46 11
35 7
30 5
23 4
15 1
10 4
5 1
2 1
-3 1
-12 0
-17 -3
-27 -8
-36 -12
-44 -17
-55 -22
-65 -25
-69 -29
-79 -25
-80 -27
-85 -24
-91 -24
-95 -22
-90 -19
-82 -14
-75 -12
-65 -9
-62 -4
-41 -2
-32 0
-23 0
-10 0
-4 0
-1 -1
5 -1
16 7
23 11
34 14
43 19
53 21
57 24
66 27
71 29
78 28
76 26
81 26
78 25
72 26
69 20
56 19
46 14
32 10
20 5
11 5
3 1
0 -7
-7 -15
-10 -22
-14 -26
-19 -32
-24 -30
-25 -32
-28 -33
-28 -32
-31 -33
-28 -32
-21 -24
-16 -17
-9 -12
-5 -5
-2 -4
-1 -2
-2 0
-5 1
-6 6
-9 7
-13 7
-18 7
-23 10
-33 8
-39 7
-45 6
-54 8
-55 9
-57 8
-55 8
-55 7
-49 8
-46 9
-38 10
-31 8
-26 12
-19 8
-15 9
-13 7
-4 4
-3 3
6 0
17 0
25 -6
30 -8
36 -9
43 -6
46 -7
51 -11
54 -10
56 -14
64 -16
70 -16
71 -16
78 -13
78 -14
78 -12
80 -14
75 -10
67 -7
60 -5
41 -6
35 -6
24 -4
14 -1
5 -2
1 0
-8 2
-14 6
-17 7
-20 9
-25 12
-30 17
-34 19
-38 22
-45 25
-48 25
-51 27
-55 27
-58 26
-57 24
-58 23
-61 21
-60 19
-55 16
-57 15
-53 14
-47 11
-47 7
-37 8
-38 10
-31 5
-24 7
-15 5
-10 3
-4 2
-3 2
-7 0
-13 3
-18 3
-20 2
-28 4
-28 1
-31 0
-35 0
-39 0
-39 0
-40 0
-38 0
-37 2
-28 3
-23 4
-13 4
-12 4
-6 2
-3 0
-1 -1
1 -18
3 -30
5 -35
5 -44
8 -46
7 -54
9 -59
9 -58
10 -58
9 -60
7 -50
6 -45
7 -41
5 -35
3 -31
3 -27
1 -18
0 -16
0 -10
-3 -7
-1 -4
-1 -2
10 1
19 2
27 4
39 5
48 3
57 2
69 3
76 2
80 6
93 6
93 10
94 13
93 13
91 14
81 13
80 13
70 9
61 9
53 7
39 5
25 4
15 3
7 1
3 0
1 1
0 3
-5 7
-10 8
-14 11
-17 10
-19 10
-27 11
-26 10
-31 9
-33 9
-31 10
-29 8
-24 7
-15 4
-10 3
-5 1
-2 1
0 2
0 9
-4 14
-5 18
-6 21
-8 28
-7 29
-11 33
-9 35
-9 34
-5 34
-2 34
-3 31
-2 27
0 27
0 20
0 20
0 18
1 17
2 15
2 11
1 10
2 6
2 4
-4 2
-25 4
-33 4
-33 5
-40 7
-40 12
-48 13
-45 13
-54 14
-56 11
-56 9
-54 12
-60 11
-55 10
-51 13
-46 15
-39 11
-29 13
-25 11
-16 7
-12 5
-8 5
-4 2
-1 0
-1 2
10 -1
21 -9
28 -12
35 -13
41 -15
48 -17
52 -15
59 -18
66 -17
68 -16
76 -14
80 -13
77 -13
78 -12
80 -14
72 -11
65 -10
57 -9
50 -8
41 -6
35 -5
26 -4
20 -2
15 -3
5 -2
2 0
-9 0
-18 0
-24 0
-35 0
-43 -1
-46 -7
-56 -6
-60 -7
-66 -9
-74 -13
-76 -10
-78 -12
-80 -11
-77 -10
-77 -9
-80 -6
-67 -3
-68 -1
-62 -3
-51 0
-44 0
-34 0
-26 0
-15 -2
-10 -1
-5 -2
-2 0
5 -5
15 -8
17 -9
20 -12
22 -18
22 -18
25 -26
23 -27
20 -29
21 -28
17 -27
14 -26
14 -24
10 -20
7 -20
8 -18
4 -16
1 -15
0 -11
0 -10
0 -7
0 -3
0 -3
1 -1
6 6
9 14
14 19
17 24
24 29
28 32
33 39
37 41
40 48
38 45
44 45
46 47
45 45
42 47
47 47
45 45
44 39
45 40
36 32
31 29
27 24
18 18
12 14
6 9
1 4
0 3
-2 -11
-3 -14
-3 -22
-5 -32
-5 -32
-5 -38
-5 -38
-9 -39
-10 -40
-11 -41
-11 -45
-15 -47
-13 -46
-12 -46
-10 -39
-9 -37
-6 -33
-4 -29
-4 -23
-2 -19
-2 -18
-2 -15
-1 -10
-2 -8
-1 -6
0 -2
0 -1
0 2
-2 17
-5 25
-4 34
-5 36
-6 39
-5 42
-6 43
-5 42
-7 40
-5 39
-2 40
-1 35
0 33
1 33
4 28
4 26
4 20
1 15
2 11
0 7
2 3
5 -15
9 -22
13 -32
14 -36
16 -43
18 -46
20 -49
20 -53
20 -52
18 -46
20 -47
20 -44
18 -46
19 -45
16 -39
14 -38
13 -32
12 -30
8 -26
8 -21
5 -18
4 -13
1 -7
0 -5
0 -2
0 9
-1 10
-3 12
-4 14
-5 15
-5 14
-3 11
-3 8
-2 5
-1 1
-1 1
-1 1
-2 2
-2 2
-2 5
-2 2
-1 2
-2 1
-6 0
-11 0
-19 0
-17 0
-23 0
-24 0
-22 0
-17 -1
-14 -2
-9 -1
-8 -5
-8 -4
-6 -5
-7 -6
-7 -5
-8 -4
-7 -4
-10 -3
-8 -2
-10 0
-9 0
-10 0
-10 2
-11 4
-11 3
-14 7
-13 5
-16 7
-19 8
-18 8
-18 12
-17 10
-9 8
-9 7
-5 2
-2 0
-1 2
-8 1
-17 0
-21 0
-29 -2
-35 -5
-39 -5
-46 -8
-55 -7
-59 -10
-57 -9
-63 -10
-64 -10
-67 -9
-58 -7
-46 -8
-44 -5
-31 -2
-26 0
-17 -1
-11 -2
-5 -1
-1 0
-1 1
1 7
4 10
7 13
7 15
11 19
14 24
18 28
18 31
22 30
22 30
21 30
19 25
16 25
16 21
13 19
10 17
6 12
4 10
3 6
3 11
3 9
3 10
3 5
1 5
0 3
1 -1
2 -11
0 -19
0 -21
0 -29
0 -31
0 -32
-5 -35
-8 -38
-11 -36
-9 -34
-12 -35
-12 -30
-8 -26
-8 -24
-4 -15
-3 -11
-2 -7
0 -2
5 2
14 7
18 9
20 10
28 10
31 13
34 10
37 11
39 10
40 12
41 10
40 10
38 7
36 10
27 7
18 6
12 4
6 1
3 4
5 17
4 18
7 24
9 31
8 34
11 35
11 40
15 40
16 45
19 46
18 46
18 47
22 45
20 40
17 38
18 40
16 35
16 30
15 28
11 24
8 20
7 13
5 11
4 9
1 5
2 5
0 2
5 0
9 -2
10 -3
13 -4
18 -5
21 -6
30 -5
35 -5
40 -2
51 0
58 0
62 0
64 8
61 8
62 9
57 6
45 7
43 7
31 3
27 5
19 3
12 4
8 3
4 3
-1 0
-10 0
-15 0
-20 -4
-31 -8
-35 -11
-42 -13
-54 -17
-56 -20
-62 -20
-70 -28
-70 -28
-73 -27
-79 -28
-74 -30
-77 -28
-79 -29
-73 -27
-68 -25
-69 -23
-58 -18
-57 -19
-50 -14
-43 -11
-33 -10
-34 -8
-26 -7
-23 -6
-17 -6
-13 -4
-10 -4
-5 -3
-3 -1
5 0
9 5
9 7
15 11
19 14
23 16
30 21
31 23
36 25
42 29
43 26
45 29
44 27
43 28
40 25
36 23
32 23
27 19
23 13
16 12
12 10
4 6
3 5
2 3
0 1
0 1
0 1
1 1
-2 -2
-7 -8
-9 -13
-9 -15
-11 -17
-15 -22
-16 -25
-17 -22
-19 -24
-17 -20
-16 -20
-14 -19
-11 -16
-9 -12
-5 -10
-2 -7
-2 -2
-1 -3
0 -3
12 -9
21 -11
25 -10
33 -14
38 -11
39 -11
44 -13
46 -11
48 -14
48 -12
48 -13
49 -10
46 -14
41 -8
38 -5
31 -5
25 -4
15 -1
10 -2
6 -1
15 -10
20 -12
24 -14
25 -18
27 -20
32 -25
32 -26
30 -30
34 -29
34 -28
37 -28
36 -26
35 -25
35 -21
32 -19
26 -14
22 -14
13 -8
8 -7
2 -2
1 0
3 0
-8 7
-19 11
-28 15
-31 17
-41 19
-45 20
-54 19
-56 16
-64 19
-75 21
-77 19
-75 16
-78 15
-72 18
-64 12
-60 10
-51 10
-43 8
-37 6
-32 4
-25 3
-17 4
-15 3
-9 1
-6 2
-2 0
0 11
-5 15
-6 20
-6 24
-9 30
-9 34
-11 36
-11 39
-13 38
-11 40
-10 39
-14 36
-11 32
-10 25
-6 19
-7 17
-2 11
-3 11
-1 8
5 1
13 -8
14 -10
16 -14
24 -20
29 -24
35 -26
42 -26
46 -25
52 -25
55 -23
54 -20
56 -22
54 -23
48 -18
48 -24
42 -23
38 -22
33 -19
26 -15
14 -9
8 -5
1 -1
2 -2
0 1
0 9
2 13
3 15
5 18
8 19
9 19
7 18
6 18
8 17
7 14
5 13
7 10
6 10
6 8
5 7
3 5
2 3
0 2
-2 12
-10 22
-10 25
-12 28
-16 32
-18 33
-16 32
-16 30
-17 27
-13 23
-13 19
-12 17
-10 15
-9 12
-5 8
-3 6
-1 2
0 2
-1 7
-3 11
-2 13
-1 14
-3 16
-1 16
-3 18
-2 18
-3 17
-2 15
-1 13
-2 10
-2 9
-1 6
-2 5
0 -1
0 -9
5 -13
8 -20
8 -27
10 -38
11 -39
11 -43
13 -47
12 -45
14 -46
15 -46
13 -45
12 -44
11 -39
9 -37
10 -35
10 -33
9 -30
6 -27
8 -25
6 -20
6 -20
4 -17
4 -12
1 -8
0 -1
0 2
0 -4
4 -17
7 -20
6 -22
6 -21
7 -21
4 -22
5 -21
6 -22
6 -23
8 -21
5 -20
7 -20
5 -19
6 -17
5 -17
4 -11
3 -10
2 -6
0 -3
0 11
0 20
0 21
0 23
3 23
3 22
4 19
5 17
4 14
4 9
2 6
3 2
0 2
0 1
0 9
6 14
7 18
8 20
10 25
14 30
12 31
14 35
15 34
11 36
11 39
10 39
9 40
10 36
4 31
5 30
2 28
3 25
4 23
0 20
0 16
0 13
-1 9
-1 6
0 2
-2 0
-7 1
-11 1
-13 3
-15 3
-11 5
-19 7
-21 9
-23 9
-24 10
-25 11
-19 9
-21 9
-19 9
-15 6
-12 6
-12 7
-8 6
-5 5
-2 2
2 -9
7 -18
10 -22
10 -32
10 -35
11 -39
14 -46
12 -47
15 -46
14 -47
11 -42
8 -41
6 -40
5 -37
5 -35
5 -35
5 -29
5 -30
4 -28
5 -26
5 -24
2 -20
3 -17
2 -18
3 -15
1 -12
0 -8
0 -6
0 -3
-3 9
-10 14
-16 17
-20 22
-25 23
-33 24
-39 26
-42 22
-46 20
-54 20
-53 15
-57 9
-55 10
-55 8
-53 7
-47 8
-41 6
-38 9
-32 7
-28 9
-22 5
-17 2
-14 2
-11 1
-9 0
-6 0
-4 -1
-1 -1
-1 0
-3 0
-6 3
-7 8
-8 12
-8 13
-9 15
-8 15
-7 15
-6 15
-4 12
-4 9
-4 11
-2 9
-3 6
-2 5
0 5
11 10
16 10
28 13
35 11
45 14
53 15
61 15
68 18
68 19
77 20
71 16
71 22
71 21
70 19
67 20
63 18
59 18
54 16
47 18
43 12
35 11
25 12
15 7
12 7
5 5
3 5
0 2
0 1
-2 -13
-7 -17
-9 -21
-6 -23
-8 -31
-9 -30
-10 -37
-12 -38
-10 -39
-14 -40
-14 -45
-16 -46
-16 -48
-20 -45
-20 -45
-18 -47
-20 -40
-17 -37
-19 -31
-14 -22
-9 -13
-7 -9
-4 -5
-1 -2
-1 -1
0 -1
-1 -2
-14 -2
-25 -5
-34 -7
-37 -7
-44 -10
-48 -6
-50 -8
-55 -7
-56 -8
-55 -9
-54 -7
-53 -3
-49 0
-45 -1
-46 0
-43 0
-37 0
-34 0
-29 0
-22 0
-15 0
-9 0
-4 0
-1 0
-3 1
-2 12
-5 20
-8 25
-8 33
-12 36
-11 39
-14 41
-16 46
-16 43
-18 38
-20 39
-20 33
-23 33
-24 32
-24 28
-24 27
-25 26
-23 22
-23 22
-19 18
-21 19
-17 14
-16 19
-12 14
-10 13
-10 12
-6 9
-5 7
-4 6
-4 6
-2 3
-1 1
7 1
13 -8
19 -10
26 -12
30 -13
35 -12
39 -12
47 -13
47 -12
47 -13
54 -13
51 -14
53 -13
50 -13
45 -14
46 -13
44 -10
38 -5
34 -5
33 -5
25 -4
17 -3
15 -2
13 -1
10 0
8 -2
7 0
4 0
2 0
1 -1
0 -7
-4 -14
-9 -22
-12 -28
-14 -30
-19 -34
-22 -37
-23 -40
-25 -42
-27 -43
-24 -47
-23 -45
-22 -46
-19 -41
-16 -39
-18 -40
-15 -37
-13 -34
-13 -31
-7 -27
-5 -11
-2 -5
2 6
5 11
8 12
13 17
16 19
19 16
26 18
29 16
30 18
32 16
32 12
28 14
28 10
22 10
14 6
11 5
5 3
3 1
0 2
4 9
3 12
7 17
10 24
11 29
14 33
16 38
16 39
14 45
20 47
17 50
19 54
20 51
18 46
18 45
18 40
15 35
10 22
7 15
5 12
1 6
2 2
-14 0
-23 0
-29 0
-32 -3
-39 -4
-46 -6
-48 -5
-54 -5
-53 -2
-54 0
-50 0
-45 0
-40 0
-35 3
-28 6
-18 4
-15 3
-8 3
-3 1
11 -9
18 -14
20 -17
26 -25
27 -29
29 -28
35 -33
38 -37
40 -38
45 -39
47 -40
45 -39
45 -39
46 -37
39 -33
39 -33
37 -32
33 -28
27 -30
25 -30
21 -31
18 -28
14 -26
11 -25
6 -19
4 -16
1 -11
0 -7
0 -5
1 3
8 12
9 16
10 20
13 26
17 29
18 30
25 35
24 34
25 34
25 37
24 33
25 28
21 29
16 25
14 24
11 21
9 20
4 18
2 16
2 14
0 12
0 10
0 9
0 6
1 4
0 1
-11 3
-22 3
-30 4
-34 5
-40 4
-46 0
-53 0
-60 0
-57 0
-64 0
-66 0
-69 0
-67 0
-70 0
-68 0
-62 0
-59 0
-48 1
-43 0
-34 0
-25 3
-18 2
-10 1
-4 2
-1 0
1 0
1 0
-5 -7
-10 -10
-12 -10
-12 -11
-12 -9
-8 -7
-6 -5
-4 -5
-3 -3
-2 -4
-3 -5
-2 -4
-1 -3
0 -1
7 -2
28 -5
33 -5
38 -5
44 -7
48 -7
45 -6
47 -7
45 -7
48 -7
46 -6
44 -9
41 -9
36 -9
28 -7
16 -5
11 -4
4 -2
1 -1
0 -3
3 -20
2 -24
4 -31
5 -33
5 -33
5 -40
5 -39
5 -39
5 -37
0 -32
0 -27
0 -19
1 -16
0 -13
0 -9
-2 -5
0 -2
2 5
8 11
10 16
12 24
14 31
21 36
26 45
33 46
39 52
51 55
56 51
60 51
64 54
62 46
57 44
51 41
40 36
35 32
26 30
19 26
15 25
11 22
9 19
7 19
5 17
4 13
3 13
2 8
0 -1
-2 -6
-5 -4
-5 -4
-6 -5
-4 -5
-5 -5
-4 -7
-2 -5
-3 -7
-2 -6
-3 -4
-1 -3
-3 1
-1 7
-1 12
0 15
0 16
0 16
0 15
0 13
0 8
0 4
0 2
0 -2
-1 -11
-7 -15
-9 -22
-12 -27
-14 -33
-17 -40
-16 -44
-20 -45
-19 -47
-19 -46
-19 -47
-12 -46
-13 -45
-10 -47
-6 -45
-6 -45
-8 -48
-5 -41
-5 -39
-5 -32
-2 -29
0 -26
0 -22
-1 -17
0 -14
-2 -11
-1 -4
0 -1
-1 -1
-7 0
-12 0
-19 0
-31 0
-35 0
-45 0
-51 0
-59 0
-65 0
-71 -2
-73 -2
-75 -10
-76 -6
-79 -5
-67 -2
-61 -2
-55 0
-43 0
-34 0
-25 0
-16 0
-13 0
-7 0
6 4
12 6
17 6
24 10
34 9
37 11
49 15
57 17
65 18
72 19
75 18
80 14
77 15
78 13
77 13
65 14
60 13
53 12
41 11
30 9
22 10
15 8
10 6
6 4
2 2
-2 1
-12 2
-15 8
-18 8
-20 13
-28 15
-26 15
-26 15
-28 15
-27 15
-26 12
-27 12
-25 11
-21 7
-20 7
-13 2
-12 1
-9 0
-5 0
-4 0
-6 0
-17 0
-28 -3
-33 -8
-38 -10
-46 -12
-54 -12
-56 -10
-58 -9
-61 -9
-61 -7
-64 -8
-62 -8
-55 -8
-53 -6
-41 -3
-34 0
-25 -1
-14 -1
-7 -1
-2 -2
5 2
20 10
32 11
37 15
46 17
50 20
55 21
62 22
65 24
68 25
69 26
68 30
73 29
69 26
67 25
66 23
60 17
55 15
49 15
43 12
32 10
26 10
17 7
10 4
4 2
-4 0
-10 -5
-12 -7
-16 -10
-19 -13
-24 -17
-29 -23
-32 -24
-38 -29
-42 -35
-46 -32
-50 -38
-55 -40
-52 -35
-47 -35
-46 -32
-39 -28
-31 -25
-27 -22
-18 -19
-13 -16
-7 -16
-4 -13
-3 -11
-1 -10
0 -8
0 -5
0 -4
0 -6
-3 -8
-11 -13
-17 -15
-18 -15
-23 -16
-23 -14
-22 -10
-22 -11
-20 -5
-17 -9
-15 -6
-15 -6
-15 -4
-9 -3
-9 -2
-4 -1
-2 -2
-1 3
0 13
0 21
0 28
-5 41
-8 42
-6 45
-10 54
-6 54
-8 48
-6 47
-6 40
-9 32
-6 30
-7 21
-8 17
-8 15
-5 12
-6 10
-4 6
-2 4
-1 1
-4 0
-10 6
-14 10
-15 13
-18 15
-17 21
-16 19
-15 21
-16 22
-15 21
-16 19
-15 18
-15 15
-14 14
-11 12
-9 10
-7 9
-4 4
-3 5
0 -2
2 -10
5 -16
7 -20
3 -26
5 -30
4 -34
6 -38
5 -38
6 -40
4 -39
4 -35
1 -35
-1 -30
-5 -29
-3 -30
-5 -27
-9 -27
-6 -23
-5 -19
-7 -19
-3 -11
-2 -9
-1 -4
0 -1
2 -1
9 -4
13 -5
18 -5
20 -4
31 -6
36 -6
41 -8
48 -6
57 -10
57 -9
60 -9
65 -7
65 -6
65 -9
68 -4
67 -4
62 -1
61 -6
54 -8
46 -7
43 -6
31 -4
21 -4
12 -1
4 -1
-11 8
-18 10
-23 15
-32 17
-38 23
-40 22
-47 26
-47 28
-46 26
-45 28
-45 26
-39 29
-36 25
-34 25
-25 20
-25 17
-17 15
-14 12
-11 9
-8 7
-4 4
-1 1
-3 -10
-6 -16
-2 -19
-7 -22
-8 -25
-8 -26
-9 -29
-6 -25
-4 -26
-1 -27
-2 -22
0 -21
0 -21
0 -17
0 -11
0 -9
0 -4
0 -1
1 -1
13 -3
22 -3
35 -5
39 -7
50 -6
63 -10
63 -7
67 -5
71 -4
72 -4
68 -1
64 0
56 0
51 0
44 0
36 0
29 -3
22 -2
11 -1
5 -2
-8 -5
-18 -7
-31 -8
-38 -11
-47 -12
-53 -13
-55 -14
-61 -15
-61 -16
-59 -17
-51 -18
-47 -19
-42 -20
-40 -17
-34 -18
-31 -16
-26 -15
-19 -11
-13 -10
-8 -7
-4 -6
-1 -5
0 -1
0 -1
-5 4
-5 11
-8 13
-11 17
-17 20
-21 23
-24 23
-30 27
-35 26
-35 26
-40 28
-39 27
-41 23
-39 22
-38 20
-35 20
-33 16
-29 12
-26 11
-18 7
-17 8
-12 5
-9 5
-7 2
-7 2
2 3
18 6
29 8
31 9
37 10
46 13
54 13
58 12
70 11
68 10
67 10
70 10
62 9
60 7
53 8
44 6
38 5
28 5
23 5
11 2
5 2
-1 -6
-13 -14
-18 -19
-27 -23
-30 -29
-34 -29
-41 -36
-48 -34
-43 -35
-50 -35
-55 -36
-54 -34
-49 -32
-47 -31
-45 -24
-39 -21
-34 -19
-27 -14
-19 -10
-14 -6
-10 -5
-5 -3
-1 -1
3 0
20 7
34 7
41 5
51 8
63 6
70 4
76 0
81 0
83 0
84 0
77 0
78 0
72 0
63 0
55 0
46 0
34 0
23 0
16 0
7 0
1 0
-1 0
-16 2
-20 4
-27 4
-29 2
-34 4
-32 3
-41 5
-38 6
-37 5
-39 5
-34 5
-31 5
-31 4
-27 3
-25 4
-21 4
-19 1
-15 3
-10 2
-7 3
-5 3
-2 0
-1 1
0 2
-6 6
-15 6
-19 9
-25 10
-28 11
-33 10
-35 10
-36 12
-41 11
-39 11
-45 12
-46 12
-45 8
-40 6
-40 6
-36 5
-32 5
-28 4
-20 2
-17 3
-11 2
-6 2
-2 1
20 0
33 -5
38 -5
45 -7
47 -3
59 -7
56 -10
60 -7
65 -8
56 -8
58 -9
56 -10
55 -9
55 -7
49 -2
42 0
38 0
26 0
14 0
6 0
-3 7
-10 8
-14 11
-17 12
-22 15
-28 17
-29 16
-30 16
-27 13
-27 11
-26 11
-20 9
-19 7
-15 5
-9 3
-5 1
-1 1
10 5
20 5
24 5
31 4
32 3
38 1
38 0
38 1
37 0
35 0
34 0
28 0
23 0
17 0
10 0
5 0
-7 3
-15 5
-18 3
-25 8
-26 6
-31 5
-35 6
-40 8
-41 9
-44 12
-40 11
-38 13
-35 14
-30 12
-26 13
-21 10
-19 11
-19 11
-14 8
-12 7
-10 5
-8 5
-3 1
-4 3
-1 1
0 2
4 4
13 4
17 5
28 9
31 9
34 12
40 14
42 16
39 16
36 17
33 15
26 13
18 13
14 10
10 8
6 7
4 6
3 6
2 6
2 6
1 4
1 2
-1 -1
-6 -6
-8 -12
-12 -18
-13 -27
-18 -33
-24 -37
-22 -39
-23 -39
-22 -40
-21 -39
-22 -36
-21 -35
-15 -34
-14 -33
-10 -35
-7 -34
-5 -31
-5 -32
-5 -28
-3 -27
-1 -20
-2 -17
-2 -12
-1 -8
-1 -3
0 1
0 6
4 11
5 14
7 19
9 22
14 32
15 33
19 39
26 44
30 45
31 46
37 41
35 39
35 36
33 34
33 30
27 26
23 24
16 20
14 19
9 15
6 10
2 9
0 6
2 4
-7 -1
-17 -5
-23 -6
-33 -9
-32 -10
-39 -10
-41 -11
-46 -15
-47 -18
-47 -18
-45 -27
-50 -26
-45 -25
-44 -27
-47 -25
-38 -22
-31 -18
-29 -19
-21 -14
-16 -11
-13 -8
-6 -5
-3 -2
-1 -1
-1 -2
-4 -10
-6 -12
-7 -17
-9 -19
-13 -22
-12 -22
-16 -23
-17 -22
-19 -20
-20 -19
-18 -16
-16 -11
-18 -12
-13 -10
-13 -6
-12 -6
-6 -4
-6 -3
-3 -2
-1 -1
1 0
8 9
11 13
14 17
18 20
26 25
28 30
35 31
37 34
41 38
44 38
45 38
44 36
42 34
42 29
36 28
30 23
24 21
17 15
11 10
10 9
5 6
3 4
-7 1
-15 0
-24 0
-26 -5
-34 -5
-37 -7
-45 -6
-46 -6
-54 -8
-55 -7
-54 -8
-51 -8
-54 -4
-51 -1
-48 -2
-46 0
-41 0
-34 0
-29 0
-19 2
-15 4
-10 4
-6 2
-2 1
-2 2
1 0
8 0
11 2
16 5
20 5
30 9
35 10
43 11
51 14
55 12
56 17
58 15
55 16
52 14
46 16
47 14
41 12
32 14
25 11
16 8
9 4
2 2
1 -3
-3 -14
-3 -20
-1 -30
-1 -31
2 -36
0 -38
2 -39
6 -40
7 -38
6 -39
9 -39
10 -34
8 -33
10 -30
10 -29
8 -26
6 -18
6 -15
5 -10
3 -6
1 -4
1 -1
2 4
8 12
10 15
14 16
15 16
16 16
15 17
18 15
17 15
17 17
15 15
16 15
14 12
13 14
14 13
11 11
11 11
10 10
8 9
6 8
5 7
4 6
4 5
4 6
3 4
3 4
1 1
3 0
5 -9
6 -11
7 -16
12 -20
15 -22
18 -22
22 -25
27 -22
26 -22
29 -20
30 -18
29 -12
29 -13
27 -8
25 -8
26 -7
24 -7
19 -6
13 -4
7 -3
5 -3
3 -1
-6 7
-13 14
-17 19
-22 21
-32 24
-34 24
-40 26
-46 25
-51 27
-60 30
-59 28
-59 27
-58 30
-55 30
-48 31
-44 34
-36 31
-29 30
-27 26
-21 24
-21 20
-19 16
-18 13
-15 10
-10 7
-9 6
-4 4
-1 1
6 -3
13 -8
19 -13
27 -15
31 -17
39 -23
43 -25
53 -29
59 -30
66 -32
74 -34
76 -37
77 -39
79 -39
73 -34
68 -30
69 -28
59 -23
50 -19
49 -17
40 -16
32 -14
26 -13
15 -9
9 -8
4 -3
1 -1
-5 -1
-15 2
-19 2
-22 0
-29 0
-33 0
-39 -2
-43 -3
-49 -7
-59 -8
-61 -8
-60 -9
-68 -8
-63 -7
-62 -7
-56 0
-50 -1
-42 0
-37 0
-28 0
-20 0
-12 0
-7 -2
-2 0
-1 -1
1 0
8 4
9 12
14 15
20 20
26 26
30 29
30 31
34 34
36 35
33 38
34 40
33 39
34 39
34 32
26 34
26 29
24 27
18 24
13 19
11 17
7 15
5 13
2 8
3 7
0 6
0 2
1 1
5 1
8 1
10 1
14 5
19 4
25 8
35 8
37 10
41 12
47 11
41 6
37 7
33 5
30 7
24 8
20 5
17 6
11 5
5 3
2 2
-5 0
-10 -2
-13 -5
-22 -10
-27 -17
-35 -23
-45 -29
-44 -33
-54 -32
-55 -31
-56 -30
-54 -34
-60 -38
-57 -39
-58 -39
-59 -34
-51 -30
-45 -26
-40 -22
-31 -13
-19 -9
-10 -6
-2 -1
3 -9
5 -16
6 -22
7 -28
7 -29
5 -32
6 -35
4 -34
6 -35
5 -35
5 -31
5 -30
4 -27
4 -28
2 -21
3 -16
2 -13
2 -10
0 -3
1 -1
8 -1
17 0
23 0
32 0
35 0
39 0
45 0
50 0
51 0
54 0
50 0
46 -1
41 -1
43 -7
32 -5
28 -2
17 -1
12 0
6 0
-8 8
-16 16
-17 22
-20 24
-29 29
-30 31
-35 35
-40 38
-41 37
-45 41
-47 48
-45 45
-44 45
-49 46
-45 40
-45 36
-47 33
-44 29
-40 23
-40 19
-34 18
-27 16
-23 12
-17 11
-13 9
-8 4
-6 4
-1 0
-1 0
10 0
19 -2
23 -1
26 0
32 0
32 5
32 4
33 8
31 6
31 9
29 6
27 7
25 8
23 6
16 5
12 3
6 2
1 0
-3 1
-11 2
-17 1
-24 0
-31 0
-35 0
-38 0
-43 -4
-49 -7
-46 -7
-51 -6
-54 -8
-54 -6
-48 -6
-49 -7
-44 -2
-36 -1
-29 0
-20 0
-10 0
-4 1
10 -3
14 -11
21 -16
25 -21
30 -25
33 -29
37 -29
38 -29
45 -32
45 -30
47 -31
47 -34
45 -31
46 -32
44 -30
40 -27
40 -29
39 -27
36 -27
33 -26
28 -22
27 -23
18 -18
15 -15
11 -11
4 -5
3 -4
0 -1
1 -1
0 11
0 15
-4 22
-6 33
-8 36
-6 41
-8 49
-11 54
-10 58
-9 58
-5 60
-1 60
0 60
0 54
1 45
0 42
-2 33
-3 27
-3 20
-3 18
-1 12
-1 13
0 9
0 6
0 5
0 -7
8 -20
11 -30
14 -34
16 -39
20 -47
24 -49
31 -51
32 -54
34 -52
36 -48
38 -46
36 -45
33 -40
32 -40
28 -38
26 -35
22 -33
19 -30
18 -30
13 -28
10 -24
8 -20
5 -18
4 -14
1 -9
1 -5
0 -1
0 -2
-2 10
-2 16
-4 25
-1 34
-3 35
-3 37
-7 47
-7 47
-13 55
-16 59
-15 57
-17 57
-15 55
-12 48
-6 43
-4 37
0 30
0 24
2 21
4 17
4 14
1 11
0 6
0 -1
-4 -7
-13 -9
-17 -11
-18 -15
-25 -15
-25 -19
-25 -18
-26 -20
-27 -20
-25 -17
-22 -15
-18 -14
-13 -9
-7 -9
-4 -7
0 -3
0 -2
0 -3
0 -1
0 -1
-4 -1
-19 4
-24 5
-34 6
-38 5
-44 7
-48 6
-55 7
-53 10
-64 9
-67 9
-66 10
-63 7
-55 10
-47 12
-45 13
-29 10
-24 10
-16 8
-10 4
-7 2
-1 1
-3 -9
-2 -18
-5 -26
-3 -33
-7 -35
-11 -40
-11 -39
-11 -39
-13 -37
-11 -33
-9 -29
-7 -26
-5 -20
-7 -21
-5 -18
-5 -17
-3 -11
-3 -8
-1 -6
0 -2
-1 -1
16 0
24 0
33 0
31 -3
40 -7
46 -6
46 -7
48 -12
54 -15
50 -12
51 -14
49 -12
47 -14
44 -10
37 -5
30 -4
24 -4
14 -2
8 -1
1 0
-5 1
-15 10
-20 14
-26 16
-31 22
-39 22
-40 23
-42 25
-47 25
-45 23
-47 22
-45 18
-45 19
-44 18
-41 11
-38 11
-32 10
-29 8
-16 5
-13 3
-7 3
-3 0
5 0
17 0
24 0
30 0
32 0
38 0
44 0
47 0
53 1
58 3
59 3
59 9
66 5
64 8
65 10
67 8
60 12
59 12
53 9
47 9
39 7
30 4
22 4
13 2
8 1
2 1
-3 0
-10 -8
-15 -15
-16 -21
-22 -27
-25 -33
-30 -36
-32 -41
-33 -46
-36 -47
-34 -52
-32 -54
-34 -49
-30 -45
-27 -46
-27 -40
-22 -37
-25 -35
-20 -29
-18 -26
-16 -20
-11 -13
-9 -9
-5 -5
0 4
3 12
3 16
2 19
1 23
0 27
0 26
-3 29
-6 30
-10 35
-12 36
-14 36
-15 35
-16 35
-15 32
-17 28
-13 24
-10 17
-9 15
-6 9
-4 6
-1 2
-1 2
11 0
19 0
22 0
32 0
32 0
36 0
42 0
45 0
52 0
61 0
64 0
68 0
72 0
74 0
69 0
68 0
68 0
64 0
60 0
55 0
47 0
48 -4
40 -5
35 -6
30 -5
26 -6
16 -5
14 -5
4 -2
1 -1
-8 -1
-14 -5
-19 -9
-27 -11
-31 -14
-39 -17
-46 -24
-54 -28
-58 -30
-58 -28
-60 -33
-64 -35
-63 -35
-66 -34
-61 -30
-59 -30
-56 -30
-53 -25
-48 -23
-43 -18
-32 -14
-24 -11
-12 -7
-6 -3
-1 0
0 2
12 9
15 12
20 14
29 17
33 18
39 19
45 21
49 22
55 24
56 28
60 28
59 29
57 30
59 30
56 30
57 30
48 33
47 27
42 24
36 21
32 16
23 14
19 11
14 10
10 7
6 4
4 4
0 1
-6 -2
-11 -5
-16 -7
-18 -8
-20 -13
-26 -15
-28 -18
-27 -23
-32 -24
-31 -25
-31 -26
-34 -27
-31 -25
-30 -27
-26 -26
-24 -22
-20 -21
-17 -18
-12 -14
-10 -12
-4 -5
-3 -3
5 -1
19 0
27 3
33 5
34 5
33 5
35 5
34 5
34 5
34 5
30 2
31 0
29 0
23 0
17 0
12 0
4 0
1 2
0 5
0 6
0 8
0 12
0 16
0 20
0 22
1 28
8 30
10 33
14 33
17 37
18 33
21 32
17 30
15 26
13 22
10 18
7 16
5 14
5 10
3 10
2 6
0 7
0 6
0 4
0 1
0 2
0 3
0 2
0 3
0 3
-3 5
-5 6
-9 9
-9 8
-13 10
-17 12
-19 14
-24 17
-27 19
-27 19
-30 21
-27 19
-27 17
-29 18
-25 17
-19 18
-17 16
-13 15
-11 13
-7 11
-6 7
-3 3
-1 1
-16 -2
-22 -6
-31 -5
-37 -5
-42 -6
-50 -7
-56 -8
-63 -10
-66 -9
-69 -8
-71 -10
-69 -10
-70 -5
-69 0
-60 0
-52 0
-51 6
-44 7
-39 6
-34 5
-26 4
-16 5
-13 3
-6 3
-3 1
2 -3
10 -11
16 -19
18 -22
19 -28
21 -30
24 -30
22 -30
25 -29
28 -32
25 -30
25 -30
25 -28
21 -27
16 -21
14 -20
14 -19
11 -19
9 -16
6 -18
6 -17
5 -16
2 -14
1 -8
2 -4
0 -1
1 -2
10 -13
14 -18
15 -21
16 -23
15 -23
15 -27
15 -25
16 -28
15 -27
16 -28
18 -26
15 -26
16 -22
15 -19
11 -17
10 -11
6 -7
3 -4
1 -2
-5 9
-11 27
-14 31
-19 38
-22 46
-25 50
-32 58
-30 58
-32 57
-33 52
-32 46
-30 40
-29 34
-27 29
-25 22
-25 24
-22 16
-19 14
-14 14
-11 7
-7 7
-4 4
5 1
12 -5
21 -8
28 -8
35 -10
37 -6
44 -6
53 -8
57 -10
58 -9
60 -8
55 -9
53 -10
55 -16
50 -15
47 -15
45 -14
40 -13
36 -3
34 -5
27 -3
18 0
14 0
7 0
1 0
-3 0
-6 1
-9 3
-10 5
-10 10
-17 9
-22 9
-31 14
-35 15
-39 16
-38 16
-40 16
-40 18
-40 17
-37 15
-31 15
-29 13
-20 12
-17 10
-15 7
-10 6
-8 4
-4 2
-2 1
0 -2
-1 -13
-3 -19
-5 -23
-6 -31
-11 -28
-11 -34
-15 -35
-15 -35
-18 -36
-20 -39
-16 -36
-15 -34
-18 -33
-10 -28
-11 -27
-9 -25
-7 -20
-6 -22
-5 -19
-3 -19
-2 -16
-2 -13
0 -9
0 -6
-1 -2
1 -1
10 -1
19 -7
26 -7
36 -10
40 -13
45 -15
50 -17
59 -21
62 -23
64 -21
69 -23
68 -20
73 -21
66 -17
64 -18
56 -10
51 -14
43 -7
35 -6
24 -4
11 -1
6 -2
2 0
-10 11
-18 15
-29 15
-33 14
-40 16
-45 12
-56 17
-58 12
-62 10
-73 11
-76 13
-76 12
-80 10
-76 9
-73 9
-65 9
-55 6
-50 7
-39 7
-28 3
-21 5
-13 4
-6 3
-2 1
4 0
16 -7
24 -14
32 -17
32 -16
38 -18
40 -19
45 -22
45 -21
49 -22
47 -20
48 -18
48 -19
44 -15
41 -13
37 -11
27 -7
15 -5
8 -3
12 3
16 5
24 7
26 7
28 7
29 7
27 6
26 4
25 2
17 4
15 1
8 1
2 0
1 1
0 7
-12 6
-18 8
-20 10
-28 11
-30 14
-38 16
-40 17
-46 22
-55 23
-56 28
-59 25
-60 25
-59 27
-57 28
-51 26
-45 25
-37 20
-28 19
-20 15
-12 14
-8 9
-8 7
-4 4
-2 2
7 1
17 -9
23 -10
31 -12
39 -17
42 -18
46 -19
50 -19
57 -19
57 -18
63 -17
65 -8
67 -10
70 -10
63 -9
57 -9
54 -15
44 -12
40 -13
33 -10
25 -6
18 -6
9 -3
4 -1
-3 0
-6 0
-6 4
-9 5
-12 9
-13 10
-14 12
-16 14
-16 15
-19 16
-17 15
-16 14
-14 13
-10 10
-6 6
-2 2
-2 2
-1 5
-9 4
-11 8
-15 11
-17 15
-22 20
-29 24
-32 30
-38 31
-45 34
-49 34
-55 34
-57 31
-58 30
-60 30
-57 29
-55 32
-48 28
-40 27
-36 26
-29 22
-25 18
-22 16
-18 13
-14 10
-11 9
-6 5
-1 1
0 -1
4 -3
5 -4
8 -5
9 -6
11 -7
13 -8
14 -8
15 -7
18 -8
19 -7
20 -9
17 -7
16 -9
14 -8
9 -4
4 -3
1 0
1 -1
0 -9
0 -19
0 -27
0 -35
0 -39
0 -48
0 -45
1 -51
-3 -52
-4 -50
-5 -49
-6 -45
-6 -45
-8 -48
-3 -43
-7 -39
-5 -36
-5 -32
-5 -27
-3 -25
-3 -19
-2 -18
-3 -14
-4 -10
-1 -5
-1 -3
8 3
12 12
16 13
27 15
30 18
36 15
45 16
51 16
58 19
60 17
62 15
64 14
65 11
56 9
57 9
47 7
40 5
31 5
23 4
13 3
7 1
1 0
3 0
6 2
4 14
5 14
5 17
5 19
6 22
4 22
5 30
5 27
5 32
6 27
7 28
8 30
11 26
11 25
13 20
11 19
9 15
11 15
9 10
7 7
4 7
4 4
1 2
0 -1
-2 -11
-5 -17
-6 -20
-8 -24
-12 -28
-11 -27
-14 -32
-10 -32
-10 -34
-10 -35
-9 -32
-7 -29
-8 -28
-6 -23
-6 -18
-5 -19
-5 -17
-4 -13
-2 -11
-3 -7
-1 -4
-1 -1
-11 0
-17 1
-22 3
-30 0
-33 0
-39 0
-42 -3
-46 -8
-54 -7
-55 -9
-56 -9
-58 -7
-56 -8
-51 -3
-50 -2
-40 0
-35 0
-29 0
-20 0
-15 0
-11 0
-6 0
-1 0
1 -1
15 -4
19 -6
31 -9
35 -10
41 -11
46 -9
47 -11
50 -10
55 -9
48 -7
50 -6
50 -7
45 -6
45 -6
44 -6
36 -4
32 -1
26 0
21 0
15 0
14 1
8 3
3 1
-3 0
-8 0
-9 0
-16 0
-21 -4
-30 -9
-35 -9
-41 -11
-49 -10
-50 -10
-57 -11
-60 -11
-55 -8
-53 -7
-47 -8
-41 -5
-35 -5
-29 -2
-19 0
-16 0
-12 0
-5 0
2 -3
14 -2
22 -4
32 -4
40 -5
50 -2
52 -3
56 0
63 -1
61 -1
65 -2
65 -2
68 -1
67 0
69 0
66 0
61 0
53 -3
42 0
20 0
11 0
3 0
-12 7
-18 10
-25 12
-32 18
-31 19
-38 21
-46 30
-48 30
-53 31
-63 31
-62 34
-67 40
-63 39
-59 39
-59 40
-51 38
-44 35
-39 34
-31 29
-29 29
-22 25
-19 21
-19 20
-17 17
-15 14
-14 9
-11 8
-6 7
-7 7
-5 4
-3 3
-1 1
-1 1
6 -3
7 -7
11 -9
13 -9
15 -11
17 -11
15 -10
20 -17
17 -17
22 -19
20 -18
18 -17
16 -16
16 -16
10 -12
9 -10
6 -7
4 -5
1 -2
7 -7
15 -15
17 -18
24 -25
30 -31
31 -31
38 -34
37 -32
39 -34
42 -32
42 -30
40 -29
43 -28
38 -21
39 -19
38 -17
33 -14
29 -12
22 -10
13 -9
7 -6
5 -5
3 -3
1 -1
7 0
22 -4
28 -4
33 -5
36 -6
34 -4
36 -5
36 -6
34 -5
31 -4
30 -5
22 -2
15 -3
11 -1
4 0
1 0
1 5
5 13
5 16
5 18
4 19
6 18
4 17
5 14
5 12
2 10
3 9
1 4
0 2
0 1
-12 9
-15 10
-30 11
-36 16
-45 18
-55 19
-62 18
-75 24
-82 25
-78 20
-82 19
-83 20
-82 21
-78 23
-77 21
-68 20
-59 19
-49 13
-37 14
-30 13
-24 12
-15 10
-12 6
-6 4
-1 1
9 0
19 -3
26 -10
32 -12
36 -16
42 -19
45 -19
45 -21
48 -24
47 -22
45 -25
42 -24
36 -20
30 -18
25 -15
14 -11
10 -7
4 -4
1 -1
-1 0
-5 0
-6 0
-6 1
-6 0
-3 2
-4 1
-3 1
-2 0
-2 1
-1 0
-1 0
-4 0
-4 -5
-8 -13
-9 -15
-10 -19
-12 -19
-14 -22
-15 -27
-16 -26
-15 -25
-15 -24
-11 -21
-10 -22
-7 -23
-2 -22
-3 -20
-2 -18
0 -13
0 -8
0 -3
0 -2
12 6
20 13
23 13
29 15
34 20
37 22
40 22
43 21
45 25
46 19
46 19
48 15
52 10
47 5
41 6
34 4
27 1
19 0
15 0
9 0
4 0
1 0
1 1
-3 4
-13 6
-16 10
-20 18
-24 22
-28 28
-32 34
-33 38
-32 39
-30 44
-27 46
-24 41
-22 39
-18 40
-19 33
-17 31
-19 31
-14 26
-13 23
-10 18
-8 17
-5 14
-5 11
-4 7
-2 4
-1 1
-1 0
2 -9
5 -19
12 -28
12 -33
14 -37
19 -47
17 -45
23 -52
25 -56
25 -55
23 -55
25 -50
19 -47
20 -43
16 -40
14 -35
13 -32
10 -31
7 -26
8 -28
2 -21
1 -16
0 -13
0 -7
0 -5
0 -2
0 4
-9 11
-10 11
-14 16
-18 16
-24 18
-26 15
-29 16
-29 13
-32 14
-32 13
-28 10
-27 10
-27 13
-18 9
-15 8
-13 9
-8 6
-5 5
-4 4
-1 1
-1 1
4 3
15 5
22 6
29 8
30 10
39 10
39 11
46 15
45 18
54 17
61 16
64 18
67 19
73 18
70 18
67 17
65 15
52 14
43 13
35 10
25 7
16 4
12 2
8 2
3 1
1 4
-4 15
-3 18
-3 23
-4 27
-4 28
-3 27
-5 32
-4 27
-3 26
-2 25
-1 18
0 17
-2 13
0 8
0 5
1 2
0 2
-7 4
-16 4
-23 4
-33 3
-35 4
-44 5
-45 3
-46 5
-49 6
-46 7
-45 10
-47 14
-46 16
-44 17
-45 17
-42 14
-41 12
-35 10
-29 7
-24 3
-14 2
-11 3
-5 2
-1 1
11 -9
13 -13
15 -19
15 -30
16 -30
22 -36
22 -40
23 -39
22 -38
23 -40
21 -39
21 -35
15 -35
13 -31
8 -29
5 -25
3 -21
-1 -16
-2 -11
-2 -7
-2 -3
10 -3
15 -7
24 -6
35 -10
40 -11
44 -15
46 -16
50 -19
49 -18
46 -18
47 -17
42 -15
36 -12
30 -11
24 -8
13 -6
11 -5
1 -1
1 -1
-2 1
-7 5
-13 7
-15 7
-20 9
-24 11
-33 10
-32 9
-42 12
-40 10
-45 11
-46 12
-46 13
-45 13
-41 12
-38 12
-35 10
-35 10
-32 6
-33 2
-35 0
-32 0
-27 -4
-22 -4
-15 -1
-12 0
-6 0
-2 0
1 0
8 0
11 0
17 0
25 0
27 4
38 5
46 10
49 12
55 12
62 13
65 12
64 14
61 12
58 12
57 10
51 7
43 8
37 5
27 5
14 1
6 1
1 1
-3 2
-7 0
-8 0
-12 0
-15 0
-18 0
-25 0
-30 -4
-31 -8
-40 -7
-44 -14
-46 -13
-48 -12
-54 -14
-53 -12
-53 -12
-54 -7
-48 -6
-45 -7
-37 -5
-30 -3
-20 -3
-12 -2
-9 -1
-1 -1
5 6
9 7
13 10
14 13
17 16
21 21
24 25
22 29
27 31
26 33
24 34
25 35
18 32
15 29
12 25
8 18
3 13
1 9
0 5
0 4
0 4
0 1
