-0.614991729122054	-0.643607310175786	-0.311765250538758	0.000803380144601808
0.491544785118017	-0.123826558241200	-0.383233803761604	-1.19030164849045
-1.82361693054926	-3.38304225152296	-0.0711192672771064	-0.806793042682668
-0.0154256565934420	1.63753503194009	0.223096778274549	1.89899191713057
-1.26367654127611	0.544173469554038	2.38161594950829	-2.23895770029926
0.586986210060018	2.01442724229902	0.345572536015247	0.297987584218017
2.71139577363067	1.64851801319342
-0.347807642494537	-2.27507738789449
-1.07644425972671	-0.0292525663128795
-1.25955164183490	1.41619127010804
-0.00308459122075443	0.303186201970715	0.187380339972542	0.159192157423202
-0.0775835255391350	0.0487823470378032	0.0193725528123147	-0.0114004964857831
-0.0154353279167207	-0.0198013627547758