-0.863883979411419	0.584585431524550	0.818450627825899	-0.155284194494153
0.289781422955186	-1.09122597508892	0.685071696083526	-1.52995086872788
1.72110375302930	0.342715011711379	1.31665024751900	0.762864367436832
-0.0429172085187343	0.461411182385575	-0.599597652992864	-2.23029323738839
-0.884882087822467	-1.82969423128067	0.583448045981143	2.76178306374201
-1.72297002898861	0.694166169159372	0.400385164540831	0.916397343619845
-1.01779957249560	1.34720788276058
-1.78195840228347	-0.568319161435101
0.0269281843748410	-1.40734158624783
-0.720307730486347	1.22448604137981
-0.136579520855955	0.0797801943876160	0.00295728299058431	-0.0744023992769525
0.267650005151573	0.197325955437604	-0.185693111487906	0.211821660181559
-0.111445656879636	0.0727841460261388